1603021366255 0.9632792485055508 0
1603021373889 0.9632792485055508 0
1603021377121 0.9632792485055508 0
1603021395485 0.9632792485055508 0
1603021404138 0.9632792485055508 0
1603021455655 0.9632792485055508 0
1603021476003 0.9632792485055508 0
1603021484017 0.9632792485055508 0
1603021504743 0.9632792485055508 0
1603021512592 0.9632792485055508 0
1603021514943 0.9632792485055508 0
1603021533531 0.9632792485055508 0
1603021540223 0.9632792485055508 0
1603021605134 0.9632792485055508 0
1603021634973 0.9632792485055508 0
1603021639466 0.9632792485055508 0
1603021658836 0.9632792485055508 0
1603021667666 0.9632792485055508 0
1603021686622 0.9632792485055508 0
1603021693567 0.9632792485055508 0
1603021695138 0.9632792485055508 0
1603021713776 0.9632792485055508 0
1603021720766 0.9632792485055508 0
1603021722339 0.9632792485055508 0
1603021741087 0.9632792485055508 0
1603021748078 0.9632792485055508 0
1603021749629 0.9632792485055508 0
1603021778843 0.9632792485055508 0
1603021789544 0.9632792485055508 0
1603021791139 0.9632792485055508 0
