1603149267959 0.9632792485055508 0
1603149290085 0.9632792485055508 0
1603149347448 0.9632792485055508 0
1603149400017 0.9632792485055508 0
1603149418718 0.9632792485055508 0
1603149483209 0.9632792485055508 0
1603149515293 0.9632792485055508 0
1603149527572 0.9632792485055508 0
1603149532133 0.9632792485055508 0
1603149551016 0.9632792485055508 0
1603149626274 0.9632792485055508 0
1603149653958 0.9632792485055508 0
1603149673162 0.9632792485055508 0
1603149681671 0.9632792485055508 0
1603149754040 0.9632792485055508 0
1603149780007 0.9632792485055508 0
1603149782329 0.9632792485055508 0
1603149795036 0.9632792485055508 0
1603149799920 0.9632792485055508 0
1603149810167 0.9632792485055508 0
1603149813930 0.9632792485055508 0
1603149815787 0.9632792485055508 0
1603149840398 0.9632792485055508 0
1603149849499 0.9632792485055508 0
1603149850947 0.9632792485055508 0
1603149867927 0.9632792485055508 0
1603149874391 0.9632792485055508 0
1603149875747 0.9632792485055508 0
1603149891773 0.9632792485055508 0
1603149897722 0.9632792485055508 0
