1603020950474 0.9632792485055508 0
1603020957351 0.9632792485055508 0
1603020964745 0.9632792485055508 0
1603020967888 0.9632792485055508 0
1603020968543 0.9632792485055508 0
1603020975992 0.9632792485055508 0
1603020986159 0.9632792485055508 0
1603020996175 0.9632792485055508 0
1603021016945 0.9632792485055508 0
1603021026105 0.9632792485055508 0
1603021028482 0.9632792485055508 0
1603021030584 0.9632792485055508 0
1603021033210 0.9632792485055508 0
1603021052182 0.9632792485055508 0
1603021060092 0.9632792485055508 0
1603021089432 0.9632792485055508 0
1603021122535 0.9632792485055508 0
1603021151468 0.9632792485055508 0
1603021177879 0.9632792485055508 0
1603021205230 0.9632792485055508 0
